7990
1581
80683
63314
82551
54462
96017
56327
88698
7815
42679
60608
22728
34502
52888
5280
4945
9061
81346
66987
26441
74574
90877
2503
46711
41415
18837
16426
39475
75035
93921
76173
50299
70659
6479
38978
49910
22276
34912
47648
49019
26839
35345
40914
2331
27342
43081
5035
11886
91566
46770
50617
41277
99921
96214
11249
75476
19468
87493
81936
88630
41837
54293
39164
45662
98744
18448
34832
88994
97590
69257
43478
53662
33798
79791
27965
32215
73125
20834
85979
15461
25181
44524
31120
61374
13664
88090
76531
97167
9285
4546
89398
93446
10602
94739
97875
96228
82161
30518
19340
80153
71696
90757
43297
10474
68712
27755
80569
19489
4730
85222
83437
86403
64637
27312
76676
26629
40949
49357
46866
65191
86200
44502
90979
12129
90759
54640
66931
39793
98209
48201
57187
58451
31214
46615
12684
30080
63013
3411
17400
32925
17935
19958
10133
46659
42416
36582
5629
2454
91276
28828
67384
62718
63023
17873
48637
47631
59647
97484
59929
59602
52995
38052
28086
21566
75888
41475
82936
95376
24994
60942
42095
18535
48498
89096
34930
97460
76232
64625
65090
99492
45990
38168
15799
73778
78778
97898
53983
89467
90073
24147
85965
50787
60062
67803
69795
83416
97549
95079
59868
25866
88063
96679
39699
41758
88415
70591
49839
24111
4016
79969
95694
99344
47236
65406
3992
81816
66695
85686
85919
44280
63928
86023
32103
27504
64640
24835
58190
25459
30730
98440
991
99811
32295
94077
54461
7466
25108
38357
67085
89252
84864
75863
16345
33749
28803
64701
15395
9722
99998
73268
45850
52919
61207
23732
52968
10530
92736
54678
24127
80230
23285
35462
85564
99613
97979
41167
8947
65281
25269
54759
68827
66312
81343
61318
37590
29742
16615
30299
36859
92138
63795
12655
23850
57445
98880
31410
82992
4387
80232
56661
48426
50590
81083
37936
15132
87835
34146
78628
87317
92997
17262
46665
55162
81553
32254
49068
31333
88966
65727
11103
51171
61215
19332
87515
73051
70142
37833
9835
32578
25302
65236
94839
36580
6759
5674
76844
35031
88155
18629
88657
78998
74198
95585
56693
24944
28809
85032
93840
96599
87823
52925
82849
86418
27908
96348
21628
3666
98541
26927
28135
78580
86754
53558
54617
42492
78161
80631
59620
18164
538
7271
50489
65130
90731
13971
85676
6139
44446
90006
54453
71224
81667
35530
14589
53562
98026
81405
59837
35633
83968
91839
96925
43254
23950
23889
64931
7075
17037
74494
7292
98952
3809
12623
12454
38028
26702
67803
19226
26939
20234
71783
87050
73122
99261
87397
34235
104
72672
57177
39209
78683
64684
99411
18252
27364
79185
67048
7844
96070
47466
36838
79626
40906
75720
61598
93808
71055
39992
94638
28457
77898
12018
67517
29878
73278
64049
92954
77003
69300
18440
28677
47919
86128
38079
99848
55761
30570
59327
13960
54292
65124
57996
36867
71477
46571
83812
80435
42588
98877
84687
61791
12254
35515
26174
10173
51940
6321
62973
14450
2901
74255
26472
86726
17954
44889
69437
20614
21568
29149
72870
57438
34683
65237
95052
54945
75745
15245
77742
86004
68960
54914
24994
50104
82415
82025
12335
11335
82091
18888
7605
99211
9105
29126
98184
24401
65309
7547
71162
44872
37281
41451
77042
83510
38456
61197
92254
16276
48399
4566
76702
6376
9283
10381
76617
369
2084
71957
12678
85845
96932
56475
21520
61153
29064
43345
84160
78936
74213
45218
86779
73396
66330
61326
31336
58682
93524
58839
80731
14923
23293
27417
20846
94209
3768
8818
90174
29323
81539
5058
7882
86689
6524
43723
30312
37422
44770
9753
51672
5618
20265
52378
96367
17719
74504
31290
59016
23492
23202
19710
51422
99410
80532
58612
68192
1297
20477
3706
53706
85491
76109
27432
57269
41792
21002
23665
44632
6730
8366
13959
63937
70706
56461
37056
95813
33443
86863
94859
19136
30898
90471
26137
78086
16606
89508
90945
55436
72431
111
44957
22626
16421
25757
51220
67093
15603
80967
60307
58206
56825
55708
91446
76534
35795
48451
36264
37795
78380
52082
92528
54776
25689
65690
24802
83326
29157
86978
21953
8922
89056
89042
64399
24212
99460
73783
66552
60204
33973
3019
68064
12949
20995
12627
86143
31628
94964
32294
62973
20808
48456
25675
31462
61810
5926
32413
16571
23939
66536
16807
30040
78342
29988
43094
57445
92310
7528
75529
55261
9250
91785
76786
26105
70563
81331
7500
8136
49121
89567
96816
28975
40977
15118
48170
11768
42044
17739
28657
15945
90530
32017
14528
84324
24841
59220
8483
62299
16091
70853
16694
73021
10270
66326
27743
59730
88203
98123
34143
5005
45204
35181
2160
31052
20168
74288
34044
37016
68640
60226
72862
39313
80609
69740
31528
60018
53985
29545
65112
50663
19326
8047
3743
51893
37301
53619
44901
60899
8646
75251
79765
7727
31961
25800
10261
31516
71153
69004
44214
5964
57104
43187
31531
47958
4434
45586
27141
43676
38866
98751
93582
98516
2457
76955
31546
123
55533
71014
38345
71534
45123
77997
62548
13327
71874
5217
69507
46962
51785
348
24577
51491
17731
24205
1599
60609
32364
49706
69525
31205
72368
60752
25242
53160
88842
38051
61574
36890
3872
23599
37359
31846
83410
64666
504
72486
17849
7165
19378
2571
53223
92980
47107
70905
47691
57701
98167
7893
29052
78332
17063
11486
38884
13341
77121
20293
34324
36246
51932
60634
79808
34663
28479
60880
91868
55452
30003
96238
28515
96014
51709
24761
51069
90116
68705
2814
49215
29911
31849
48805
55639
27104
20962
32766
59664
95386
2056
75873
35378
93413
67736
62382
41694
78246
8345
84196
34256
68832
17232
74606
70780
3798
64675
45074
90735
27850
85091
23412
68236
40878
75625
12907
314
56200
49819
53475
17592
24655
43073
31112
60655
47780
89281
23675
4820
27564
3868
29219
69837
2432
23790
54882
2198
23779
8060
74567
25838
65452
87197
53057
68910
69751
51044
94314
71205
41924
1063
19226
44854
1354
37917
92074
93987
48922
83500
76321
54241
54650
71115
20522
80638
16012
42375
70159
49945
4000
6914
69246
79603
49182
69321
65852
79886
87141
20650
38682
48707
59536
12166
71420
90642
62359
83113
84625
5096
11868
98403
41049
96780
62250
31739
95281
91228
7283
32026
11315
95112
67701
84903
99977
79375
24735
80307
98655
89337
43838
64053
54801
84110
72648
26974
52699
11180
16904
16192
77584
15166
96159
35410
2769
11433
4518
75263
17977
25504
7770
20339
80516
64369
95342
45762
92487
52289
72255
94242
7033
50980
50400
29353
95058
88193
49462
34366
84680
13516
14255
27441
47582
80406
66269
19858
7167
44977
13186
35072
33030
1994
82943
7367
43422
44876
38904
14181
23340
28486
76212
33202
30568
3141
25443
98850
52209
76632
41457
11012
27740
14034
25733
4605
72979
87052
68695
73818
27654
39665
96894
23681
94046
51710
63844
71935
24761
40297
52723
31140
26468
88975
8066
7736
31280
81865
53045
56458
80536
60704
432
86321
23336
59429
25024
58913
38772
74031
40118
38776
64880
35154
6791
21496
15192
33571
52507
17713
43448
67125
70592
47670
69593
86491
91294
60380
96226
32657
32638
26290
50225
53037
40377
53098
87294
12296
10134
70178
70574
44253
76334
26324
83011
20002
48452
74190
76541
80502
66262
85602
54181
80009
73687
85309
91488
89269
23546
90143
36176
55034
95794
25205
64022
74254
45038
11033
15230
39108
2222
10945
76376
46502
5993
46767
18273
90294
91434
90189
312
86500
18050
98952
28879
98398
79145
26085
90872
81819
54818
48425
33195
20280
80108
44271
12160
92682
33224
92330
38071
27226
29823
83993
70842
50960
50442
34555
4547
78662
45439
37642
75403
5077
63550
38595
42373
51663
30125
17875
48364
7425
40514
54257
2713
97890
49714
19395
73263
9041
19459
65459
8609
562
61289
39850
6157
6696
67454
78914
67085
90726
16001
58143
74314
5967
92346
14490
7514
17118
29162
79323
19181
39858
83008
95675
7035
52935
98524
72099
69488
86218
3559
23243
30046
5562
35559
99851
41197
57286
61147
61759
20091
20494
46698
13843
16054
77339
95527
98664
80822
78941
63149
16856
88380
7184
60041
8263
34864
15503
13621
87339
95429
5488
50636
48456
69124
82140
12246
93597
43840
82802
61531
14078
60545
79650
92268
86137
87592
9842
24854
20018
60307
62376
47025
97853
80406
37071
28081
47070
20450
51700
8205
993
35116
44137
51872
27277
50704
48889
4607
13154
81342
92757
60473
37501
11302
28747
55030
57778
90036
99611
82686
24561
5118
62422
40894
82178
86351
76392
64323
62634
31171
74758
27172
80245
3719
33209
40396
49202
5209
14863
68331
95829
6261
54192
72871
11920
18585
65781
73389
14872
72014
77692
36260
55695
21277
50850
37256
57943
45109
50074
68634
40275
22502
83150
46129
95141
47972
59141
58681
4403
8948
61002
69107
50305
41613
10940
83084
62077
45732
47601
64416
61060
64289
48759
19645
26959
15997
62182
47691
93950
72199
83113
89965
87092
89154
37868
53785
10135
14347
27614
26165
72428
91012
12135
26403
12243
91949
19653
25344
59570
53767
31059
66550
44223
44590
96338
85476
2069
55802
38186
65966
48474
12045
90150
4255
5529
88095
24188
96335
58421
67959
33968
15468
23394
11086
84914
82601
8742
33874
53603
59372
90001
73194
63640
22907
1418
62406
69636
13503
92141
32009
54122
80618
63292
46560
18495
6605
81120
44906
16918
52072
55723
68874
82266
67069
60188
34234
20859
88927
96956
62722
20126
94710
99282
95330
33329
43183
38352
32880
42264
50053
46099
40830
44045
32123
75840
29573
70925
18382
57875
91185
23332
83215
85261
37087
81556
75048
92704
31276
16730
27517
92618
4815
40812
30249
37727
73426
67107
48526
55967
39784
75675
21136
56914
7797
72607
62614
33307
730
13941
38400
74219
16179
22497
18925
12886
45396
48957
12289
22265
2287
75897
17599
81664
17332
54326
51923
6468
48194
6052
54586
21258
87502
10255
79526
75734
8021
42885
8505
76506
10199
30718
18284
20881
12791
60014
43445
12017
44804
12492
39199
63964
27186
44887
13876
73560
81691
53723
32026
85456
82346
65335
78636
68855
38064
47963
20192
27854
34281
13369
94718
94629
30274
41403
33409
19408
23501
84291
23998
41555
43447
26818
90991
14981
12941
56987
70684
69929
48843
68235
27538
15342
22578
49129
71217
1359
27688
30758
16599
28447
60527
82995
34993
2287
30592
53189
41603
9299
42786
87211
59036
62120
72070
51247
19329
3314
13096
12849
1122
17577
11475
69904
16100
26741
14891
22819
4315
43391
24277
9564
7926
29926
91368
23169
96241
88163
55475
49515
41141
55955
62967
43390
14452
97784
44334
75082
21415
93346
48895
71979
41706
63501
16730
36884
21682
36580
825
27097
90491
71486
91127
68250
69348
52608
25129
93343
2675
40705
15877
19976
64979
64080
40855
47835
36392
37797
25854
48608
67911
43541
63682
1309
22169
52912
97987
14051
5864
78719
56801
98280
39247
32249
36041
84421
12147
77043
81804
66502
98714
22945
68992
32268
32907
97727
29832
45927
38279
89221
17742
14007
21656
52597
65074
26031
20875
67647
25807
25096
2036
6465
82255
4291
51393
95116
74879
69100
78695
65667
96225
15308
82415
58176
2752
52194
92837
79846
74365
64224
35317
84666
41496
15608
7194
22998
67551
55501
97637
71721
5092
22924
75758
16042
9785
60151
36524
33841
30687
98360
77513
14310
45625
22229
56297
93315
52820
2947
84226
77147
12096
18327
90084
37176
62997
5052
21465
37710
13377
94043
35262
63354
3054
37408
80708
69802
52098
13331
30756
14874
77702
21357
8442
64246
38003
91502
67920
55159
13015
1306
69117
76963
87795
66785
97303
30924
8864
90740
45498
54091
25373
36942
14987
29943
41880
83031
31543
74600
33747
37642
13935
27039
90789
51557
45720
61051
70233
98342
93241
17229
54911
95782
93763
59362
24022
88122
38723
33877
24652
23879
49870
48476
93507
6302
20495
30096
62107
7497
61314
10782
93428
71474
60725
89763
9006
25073
16564
79482
60492
20470
90489
60142
93211
2538
23301
4545
47578
79836
7554
24724
51866
39965
51731
65727
68712
7499
55671
47627
18149
83858
53611
52985
47252
33402
51429
39393
72986
25092
19620
68655
71950
76877
8582
35176
69707
30641
71660
99680
52984
39898
73998
86008
57386
96969
29669
5175
7574
74819
98118
96540
54133
55310
10348
72851
58318
21391
75839
92303
59025
88356
65844
66826
76170
64847
2336
12239
10757
72673
48691
9357
26809
4332
20024
71963
12211
71400
26339
35199
60102
16938
55627
41750
28967
31249
27706
15402
94223
27128
83298
19106
77109
85756
47679
92202
71626
49868
98141
85445
30836
24300
44605
98320
27176
72729
52583
65190
34976
79846
54323
45744
57032
67118
42864
57227
23439
93779
90641
76672
69278
24551
80296
16512
66340
33756
4871
28943
68086
2092
98408
92659
49516
18213
87159
37861
91627
7339
35500
60896
47943
55358
50701
15537
90629
28361
66764
59190
68474
20079
82465
89075
12745
64487
94395
45159
53429
94225
51596
14062
59210
57415
38875
98746
67879
30740
94308
23492
19913
73234
4659
15513
79238
7623
42042
83976
89220
23136
45998
55138
87090
73677
33818
63936
85947
79083
24912
80936
46984
39904
91421
28480
94839
68881
11048
92139
36752
63225
75939
39701
79890
24302
83437
48340
58152
96282
14850
558
30676
61082
24872
2510
14247
22115
20737
70037
49017
2149
20577
46022
96124
30836
49859
81702
38302
98278
44770
26310
57952
20295
35486
60434
61344
88459
51859
68439
39192
94198
83072
39049
18533
46151
89873
53817
35251
93030
41994
89153
93178
96856
25720
56737
83282
69462
57836
84025
23756
68188
38664
4432
47793
55799
52245
80250
5882
66766
66364
22402
78369
84432
39479
64367
64709
76506
81654
28480
42508
51467
66030
66154
80238
24264
42308
90340
22693
44079
53537
85043
76938
61181
75277
36256
38088
14529
55129
57208
84862
38207
20093
77261
73183
27846
99933
60570
64276
88539
82330
54741
91106
75060
38572
25265
83709
7081
34045
34777
60814
90596
81928
81620
71400
17733
84296
59761
24386
78067
85013
21393
65380
50273
67750
32428
17704
11729
45848
83030
9126
7537
42528
63550
20144
97772
95401
96657
41410
19030
23721
68854
57314
35814
20265
22156
6172
97447
18219
48109
19844
84255
16235
93579
90940
59641
59584
15810
71451
75409
88962
86814
99520
68072
31482
33343
65157
43571
93733
9089
8775
83148
42183
15131
43984
78019
55378
49132
19367
80224
45019
70896
93464
6130
92233
83864
30178
27301
40665
58861
89984
89365
51308
88573
14111
32646
76632
16703
71651
93343
1085
15687
36269
84014
44372
88054
13465
25126
79596
44922
63154
91747
17917
72804
67041
80661
19331
43410
80530
96486
29275
91536
76387
4972
99840
40276
4461
82387
98058
30769
80285
62132
25792
41488
45976
7442
7381
99394
7307
17563
56858
92886
1302
5533
12789
22026
14794
50080
1167
81536
78020
19727
68550
60726
90943
81135
7160
42543
37427
22922
16970
59088
84452
23029
5640
85697
6367
22495
12183
94823
38430
23482
63667
77666
74030
63511
96067
27695
1365
7230
11870
92387
7068
10835
60291
74094
78381
62934
42750
4171
19318
3877
90399
39418
65348
29035
63649
71063
43009
93472
19531
19100
16724
47069
82482
5919
58423
74836
61322
42089
60990
25535
14815
38503
49126
24149
80774
78451
23727
63947
40955
47935
66186
12286
26350
27873
20338
80033
54010
30923
60811
51192
8954
80870
1836
25420
39678
46962
25407
97844
7447
25099
34570
60183
77461
49547
71154
81128
35140
37737
68251
34889
7910
55796
69485
54854
78662
52621
80812
29300
56428
97446
35785
54251
13613
97899
57601
59054
79558
95504
89311
67869
98923
63912
3315
4179
58839
11033
46620
67887
66023
56383
44639
72943
15339
42817
81629
64242
15275
38409
37219
76141
61822
54758
77747
36449
86732
83452
9255
877
73313
9543
14454
63724
43425
83862
77467
84134
77599
29526
6427
71087
94127
54986
66899
71437
79585
84054
7932
70881
9527
11277
61963
848
14879
74498
61880
12946
6106
30628
73877
85276
85313
25300
2985
84780
28139
97874
49258
99430
67564
90911
97803
13527
80203
5732
32653
21829
16015
56682
37636
90035
75877
7985
89704
58296
87578
23920
22430
49256
72305
15085
52384
44032
11114
40307
10850
25602
59928
62094
83768
33241
1956
98056
98791
92762
90788
53966
36900
44891
92694
87745
10355
41134
76195
15284
7623
43561
5007
64052
91819
64709
83998
14625
9932
56736
58158
97293
30484
43294
96114
79747
49644
89101
22087
70346
87450
74897
19947
65036
78979
24082
43957
30629
83333
79440
7424
53359
94556
86653
9773
59472
63672
86456
35696
49170
61659
91897
23566
30008
30753
68569
69349
34285
43699
85510
68388
15372
15419
33406
61105
32873
562
17505
97592
24312
20171
62018
22015
86887
95428
64208
18031
27523
66063
28694
50734
17568
92772
94528
16741
64664
8546
9405
64562
56230
63596
82540
22569
95288
47055
67536
29001
53268
81189
26227
84746
88115
84885
30056
46932
85991
97876
21425
51980
13617
33918
97639
78329
42579
50881
24405
28676
5180
13629
78420
92158
41060
69012
73126
58740
498
76721
32372
90751
39268
97505
57235
60023
55686
78163
72458
47211
67935
50028
2724
32064
56552
23191
55511
89141
54586
54503
28573
4379
98156
70320
81466
87318
92358
2643
84250
98490
95285
9679
67012
28109
65399
94360
3100
54956
43888
72629
1197
43885
35701
99006
86277
12369
64497
95866
61486
88442
6037
93846
9160
73301
25696
71896
24441
32250
64115
95176
98053
25627
503
31443
26493
92927
92017
23
78389
33039
41876
86494
92175
60235
2175
69034
95889
91809
96307
66203
85283
39358
59244
51942
28440
38731
70885
88927
85502
43049
78388
27262
44799
67468
89652
73595
13911
20593
77752
49537
35960
21822
22726
84373
64403
34753
23361
17282
90141
53144
29825
17888
49360
29224
86659
17240
7216
61580
58141
99266
12396
12526
67367
90592
90466
69542
82024
6030
2789
49911
65306
8366
66490
2078
42194
90359
46173
46184
60055
66488
75651
30634
90548
5241
66197
16489
41205
56224
88139
61899
19637
29725
40027
59131
17241
74922
41820
92215
14889
37623
12057
6117
37407
36364
28549
27786
70413
15661
71394
84940
61568
47491
10338
57848
88924
91491
46723
19750
40567
58882
12991
56292
5530
55941
48210
12821
1389
74628
4516
3875
47155
43332
74875
31377
83831
16567
63223
61788
65279
93202
65022
56091
70409
37357
78823
49129
43021
27826
89329
80859
15384
3933
26388
85215
49508
23652
8371
75871
75835
84436
21985
41038
30642
43252
46237
10867
8825
49301
71063
55414
73374
29042
88883
33983
34912
26416
70474
21105
10291
4594
80704
35108
76413
37261
39650
31800
49953
97090
50637
29420
73359
78516
47070
48441
69517
88473
96935
33168
92881
41754
71832
292
69374
97121
56029
6634
10703
63327
82206
42201
13457
40214
85097
26268
74613
42630
14388
4138
97755
61626
64892
44136
81820
36071
74403
68383
80985
68032
60772
80670
85480
82799
66361
3429
31247
80775
32285
88447
48600
88116
30771
33173
50299
83975
35823
11031
11388
58054
28621
89845
57714
75464
4630
26365
65567
7804
99010
51431
63468
43413
2367
68489
96150
48495
4761
6082
46997
347
95383
36732
65403
76537
17535
22280
36095
48710
9990
22783
78202
46961
94770
38076
47347
67067
35755
56052
74281
40825
85945
30877
14124
2314
32158
25486
56671
31675
41301
92722
19843
1301
61358
19430
66412
71996
71446
93276
74320
59893
47215
48587
65016
14713
3759
74903
63711
88829
66306
68924
15914
68280
88967
17693
83493
29551
65118
86043
69798
89563
82464
24023
79878
24513
94119
60797
52387
19215
26003
71177
75944
97574
45573
63960
77454
56781
49591
18938
98029
41193
59946
10394
26192
12717
99638
69895
91838
87893
93838
6673
58578
97242
21676
59046
71938
75985
82982
78293
19301
64232
94915
65349
54805
40926
7055
12768
55156
92547
90359
62274
51743
34902
88682
41983
54788
59653
1736
46931
61415
41416
6213
34866
56689
46872
39697
96006
96084
60430
59091
22443
7852
91004
92079
3594
42941
35351
37653
45670
1563
68322
50071
48432
39681
62361
73754
91826
6729
85317
4322
64429
71783
49415
3645
40
60927
58119
95447
46144
91174
69485
27619
67188
19374
4038
77092
62116
32185
76345
6737
26381
69849
66289
86802
32672
86455
71515
50743
61779
91505
68421
51892
78999
74276
97517
22564
92802
36306
67568
15237
40474
14461
97946
59506
69503
55988
4132
69504
68763
10871
42416
72927
22099
78100
9231
12658
56412
88673
84200
21130
84484
77388
78364
75188
5602
29567
46578
96216
76959
63778
45512
81909
20529
33951
37279
19935
84657
42193
43928
4441
81387
62982
45870
1150
81427
38174
72654
84657
72042
45983
24867
88753
1119
67723
52111
11442
9094
8801
14425
73023
77437
86366
30879
39773
43182
31973
95835
57748
33458
76248
40224
62739
7380
69961
50792
70067
29681
16882
1161
85227
89545
14617
1755
95196
13467
51147
21691
38057
12560
74648
94810
67189
10017
52368
40015
71643
81674
25888
35935
65380
78432
47394
95723
31322
77253
93952
70450
680
56111
50687
28480
21893
71160
25191
24474
36021
96629
21662
43958
1852
71148
40976
40378
60838
39783
11407
6804
51432
52767
87478
61224
97599
86364
43854
29155
56468
35226
18349
48575
72669
53299
61591
50134
50485
47069
78746
88291
69328
43702
58476
71573
14523
91201
21572
46277
72019
6877
28906
8620
63908
45475
13497
80067
50803
96006
81165
81253
90705
69188
98547
45859
36959
69194
53734
68958
15214
41932
44268
95647
40203
7786
78633
35944
33687
98117
65429
93507
33219
35060
15013
6333
38216
64893
76159
54383
77845
15838
77908
74906
73624
88881
31708
46858
28622
60736
9351
69003
42076
55847
84004
90139
24125
51939
30125
17711
18925
11723
83319
6754
1999
23869
72497
40584
68611
37096
22969
5841
49939
69675
97157
76179
7530
47526
71943
74518
54709
40868
52297
25034
41392
58723
8042
27070
34570
80458
86074
62801
56773
75821
79335
57634
49851
63786
4060
72100
86135
42944
74629
72842
94590
84969
77593
77592
29829
61693
85351
36646
22948
75010
8055
56451
68332
68550
52258
70182
49506
33966
3702
89189
29452
63514
734
24116
15445
49519
20320
59182
86666
34057
79551
83827
92144
8308
66157
99552
55689
5089
77105
21482
58316
17965
40799
71354
94577
95686
60815
9839
63374
29528
74056
30158
36358
80654
19710
50055
51520
70421
99615
31637
45810
52873
96537
90021
43373
13288
71794
74371
9924
34076
59374
50182
73833
88506
42224
62394
60937
59724
35363
51700
94382
81766
15173
42580
45610
65253
83930
69813
67981
79383
65234
61310
67738
90392
31068
66872
25740
96178
72765
87088
1877
78123
94303
71970
28354
88864
88332
38270
32847
47809
90881
3610
30324
76611
12913
93149
28417
6911
8708
34300
88726
438
59762
81712
91767
6665
79271
93273
87507
77944
46018
86496
40105
79651
31108
42912
32407
36596
56982
41921
32892
48699
45168
21319
47062
17412
78931
17683
93324
74062
75014
23937
99531
42593
63830
92874
33945
42446
11887
82066
47111
8680
11836
6923
56837
78867
39929
3753
8250
94529
21140
56715
42740
18651
70450
11868
89271
38613
6170
57981
99439
57535
39866
39378
16772
44606
19734
19734
96152
4414
15941
36158
40867
3861
32223
78661
77387
18721
12955
90534
31040
91823
18578
94536
8145
69003
50876
32617
84905
36575
71395
99728
75744
51549
85459
12855
70817
83357
36795
18901
24240
6586
6604
99765
97422
78405
78818
74542
21709
14213
25032
61289
67808
51838
71466
70441
16448
53681
86008
82714
28277
46208
42971
49822
18387
32065
39481
80808
50760
91071
70813
92654
64036
19406
11
84116
8523
53898
26628
35331
86042
58964
4117
5693
16197
71553
89423
2491
12993
3599
69083
30692
64883
35229
64045
50209
63133
43046
28251
71452
40045
45100
90099
62941
20726
29395
75609
85679
80492
70284
39351
59920
64932
67976
66870
6144
70478
33905
30698
99179
16889
52763
99905
69228
243
77590
47556
25042
92408
60550
10496
93517
89470
45829
66949
65088
68070
18873
56408
80060
75329
24808
59638
37298
93011
29992
28196
7411
70510
6100
9474
94221
20263
13780
26604
53965
28294
90151
85215
75766
48401
30792
16559
82642
87990
24508
36555
30554
10376
68937
49024
64620
43193
10491
66196
9504
61352
11639
70876
64357
12615
19738
94733
67043
3393
45087
43121
42527
11568
51602
50072
84921
40819
98306
52248
24808
13440
82986
23843
70002
54307
52137
95528
93724
68422
33143
89863
10831
67119
12154
28087
19730
84791
69048
37828
7407
75348
31761
535
12686
64090
31884
34849
97709
66473
31469
4178
50790
63682
33069
82709
62815
71546
30885
72043
8786
71039
36848
13300
70607
28995
53929
71177
11910
92130
25869
9527
91372
30821
77853
76614
2677
63338
5125
88105
77477
28935
41713
56817
89728
2712
44704
15225
43186
54352
44495
80775
61604
86078
43853
46968
15034
95076
40516
22641
53999
92698
26470
22396
43706
76684
49844
5004
76316
78444
12752
4375
71221
18895
31178
39949
90044
59525
91844
99993
53676
48299
5630
8116
96534
28059
62642
24827
44783
48200
88371
17120
2299
40827
42857
89890
48704
56736
61152
53599
13088
13140
82499
56969
65053
16940
99315
6183
34918
30052
23726
55909
30588
90179
85890
17751
23554
42788
14877
1750
17849
23195
89842
74705
45108
96621
71346
36150
17958
83819
35789
47298
85938
75391
62032
36060
93701
35301
18680
85591
43383
14693
70138
44251
99407
26013
13293
76351
26430
21911
88337
54480
72014
57126
8958
52188
4871
39472
43718
24690
35643
24753
76862
88156
48436
9721
32006
20817
82879
94926
66163
57059
74564
31623
52871
75013
98686
36213
80328
19648
42428
65860
72628
66241
1424
38455
7898
60908
95813
29699
55516
45146
37766
82905
71257
98520
95436
10078
43661
2794
89832
55559
6751
86316
90725
52000
38080
38125
44602
7596
17670
59371
30420
58661
48069
8024
40232
13416
57014
80847
80226
72661
46853
67081
61759
75778
58332
35082
81810
59504
3539
77627
92335
11516
16696
81651
85721
28783
66003
35808
88560
36031
95740
80081
44222
4446
10912
58780
88447
7637
30270
62516
718
57423
31065
50894
69701
60668
90496
36784
33800
58084
37449
60293
15977
30276
24697
80296
1208
36172
94608
45125
48159
94644
28526
33113
51293
95744
69427
23868
79236
62022
37420
20844
81026
7407
24074
19958
69691
16719
41260
45538
53546
67009
63750
57934
57775
90403
50123
25122
42723
91835
55380
93106
12575
18537
91112
36623
38069
58955
18593
21778
48653
38729
63702
98533
97376
6945
56897
87109
68815
79266
88771
90305
9696
64077
27109
64040
63576
49076
78971
35058
42931
40441
9101
12228
1816
57246
24606
48959
66913
49972
19378
36794
8152
39639
23040
64709
17509
72097
17721
74508
29880
99813
34705
94051
43025
53831
63520
99960
66577
99899
66672
24587
5938
56303
27901
8749
25452
25631
67074
9802
13591
24145
58509
20605
19611
52091
61837
54040
48656
92657
13161
99972
24412
94865
72530
61248
43473
15161
21583
18773
96158
2767
74972
43562
15707
68546
18252
66181
39596
17816
33392
95247
76671
81076
68319
78576
44967
36423
25114
52617
12626
76182
43102
79186
71666
49452
41777
4944
48394
66102
83729
2860
67662
91645
34990
63901
96365
36277
24166
92509
23117
63064
12708
8710
68097
63850
12145
4357
62839
33942
18699
93868
82172
15577
80451
26729
74210
96714
45941
50217
51987
61993
25763
86786
2667
93929
23124
15348
96027
50067
98657
9192
71512
80398
49285
84642
31943
39289
7028
20810
76320
36199
38103
79750
69785
29391
45521
87751
32338
86763
48827
64276
90376
38268
77069
95524
52080
61454
2858
18802
27763
6647
82265
88367
89634
73163
46997
6367
21118
40325
83665
71724
28630
66670
46536
10451
2174
68245
47440
32899
31253
94092
56267
58031
44333
13440
41136
21466
23521
61568
56318
89949
5083
36252
68573
39416
81680
39557
79368
64274
51070
64
46808
84819
26729
13828
64864
50232
77376
23843
53294
42747
51441
60497
50472
93465
47047
33981
79334
34646
67659
8214
38640
56935
62368
33400
25481
48969
29231
89270
73183
93485
82594
25693
70027
14884
72385
20405
43097
91353
56456
79899
10371
76581
86122
19744
28855
79778
5403
51330
64469
97446
41662
51771
52302
84851
73963
30884
65493
91986
53989
65122
34378
34734
94897
36482
89448
4267
51635
96886
26542
27975
36959
21124
38899
51608
87706
28458
46206
84094
24556
67169
2932
61690
68790
98068
69345
23494
24127
7007
79942
44648
4617
35506
32777
46286
86620
22515
44327
54758
56738
62650
22929
19698
84633
47983
1632
22435
25458
98613
85504
56505
75976
22428
24422
31509
77697
40098
77516
95054
76007
13153
91494
75186
66889
81152
64618
77339
69538
71357
11966
45378
44893
40045
78898
44693
22075
23730
27033
14269
16847
88989
99090
539
17526
43973
14523
83650
67339
48508
17347
75471
63934
72244
78003
73335
61211
19081
8784
87142
41191
96760
21168
20896
10069
44074
62138
18184
36170
23711
29932
88196
29683
98391
93792
65911
39675
94384
30122
34775
75104
81275
74790
5880
95528
75719
8747
67337
43195
88276
63791
94155
22042
72999
32521
22759
53583
12980
97920
39372
48930
38825
64317
94056
20432
26164
42425
9449
67990
57458
86750
8159
98780
15140
36721
5101
74989
93006
61981
431
46440
77786
56141
36902
70706
31190
48518
9159
24281
83
60103
48832
59184
87480
67237
54457
13415
40181
5433
61190
11343
39207
50095
88858
77514
82315
29998
95048
79224
89995
49364
43283
78051
71612
81697
10191
32805
59159
39509
71946
7590
87446
53020
20272
56682
16856
25600
88998
32220
51355
76835
65137
24173
84060
26201
90853
76436
44582
13792
47873
76292
21814
46526
57163
1982
75174
41420
43498
81216
88137
53653
39403
73475
65198
51846
44640
45525
14689
64023
94943
1512
47530
28774
46704
88062
43588
99018
8558
75574
46002
2226
78312
67597
41922
75744
58197
87051
84733
34376
58823
92373
55586
70322
89485
2049
76968
43392
39962
75066
95409
44787
83342
67480
39827
18183
27747
90020
15873
77367
70583
55918
46386
84783
40422
73372
48222
80428
76842
34666
93925
19046
39364
72646
21843
14284
93431
3845
8519
96706
16474
59425
27173
32806
10389
20710
53989
42245
11848
66019
44737
84556
36238
1686
1697
13679
81737
19704
71044
88155
55314
50415
30822
89987
35624
29559
54501
49543
56981
16589
41755
77604
62597
73886
95691
6252
40934
89983
38949
39174
60159
92403
38951
52354
36568
99181
81189
89372
18134
14995
13504
22317
86576
31302
85641
55193
36889
57711
40911
95047
40085
58998
25682
34381
21121
34354
46960
61
41430
24288
2379
38083
23141
33471
28110
69816
27241
8557
27664
8327
39089
26060
53398
24757
39059
28215
51638
92620
90890
68713
57096
57950
95136
81875
77977
8003
12850
51281
25178
82981
48598
49130
1205
75100
77334
4157
56898
78125
30463
47633
51155
23459
31718
50913
7174
16391
64477
54868
60187
17730
67634
14027
92598
68093
18823
61229
95343
30334
80598
2865
63882
59758
52643
66402
10904
66100
85952
11387
82009
55749
57475
16791
33889
47864
40079
11453
58000
61572
9103
60989
2102
91390
75804
11853
29952
83992
11911
35927
19908
66260
48842
32087
35223
99081
56554
95733
12379
32999
4463
2350
63405
67725
54047
80958
82979
3135
44939
19042
47941
49895
40912
81235
76870
49211
14833
36214
15982
43989
14846
95898
55347
55679
40713
11985
90432
10418
16737
30164
74190
56857
20818
53947
27982
23664
28277
75733
83778
67238
69571
46568
98802
50687
39467
745
68965
82162
69190
97785
66051
16792
27617
70370
11002
95362
24509
66911
78774
76184
92078
17051
9813
18861
63041
21870
60264
42621
22379
45402
99549
99491
19333
11306
25201
56680
59195
59424
94139
7011
98105
40307
10255
91727
11863
94000
64525
16140
32589
67048
5180
21772
5326
28794
21776
20947
73750
83691
44323
17258
29623
16841
60750
91043
38518
68658
52615
9687
95268
12476
14622
37298
94731
87266
54821
49554
97279
13999
26336
91366
66841
90660
85768
64509
69844
55570
88385
60150
80346
33985
80250
82793
38935
10758
25238
65201
44235
63965
15434
962
33588
26118
54117
46090
7351
48714
21277
19782
35021
31371
86179
34444
61271
61431
93662
57679
5202
66345
46786
20038
99670
10729
51256
1110
76088
64191
10266
61872
63422
36610
14788
75832
54010
86030
34944
92955
7981
63734
76303
44544
85512
45388
91010
93646
63299
67101
6622
98183
16705
30881
84679
26664
18921
35997
50745
71848
88768
92407
43071
9757
9425
40913
72287
44057
94314
98841
67147
54438
16764
79298
58596
42329
87298
68633
50070
57775
9692
20599
86075
69563
87901
30116
26290
99341
41282
38984
81774
94918
69961
93700
47513
34398
48631
61478
33549
41128
87116
54286
15512
38773
55905
46618
99454
71145
63279
30184
19353
10743
8955
28808
91177
48837
59864
15320
86251
24579
31492
80485
53469
36023
10857
98084
5270
93137
71940
58387
61059
21298
68790
66313
967
42231
32477
45881
47516
75165
37303
95749
75896
74805
89437
39132
66873
86589
51145
70683
51616
64294
22071
59433
43551
99024
14226
67392
86955
29850
66088
35580
58394
36139
68287
47158
82699
10018
4132
68862
78866
72407
63024
77358
31376
17028
4262
91865
88326
78779
12461
17361
66945
97493
3704
94422
16891
89245
77415
42703
48715
51559
39668
37150
37671
84567
57727
76143
83794
84172
77101
50420
97505
8962
32274
19996
3219
69472
79414
24198
26091
47928
51112
5800
79248
89682
7508
11102
51352
63181
85392
68346
47222
10948
61886
44412
55331
72937
1418
45325
92429
10904
57331
2672
3524
62207
56965
41805
94802
89239
70984
37488
95079
67394
46644
61597
43833
44436
99594
33964
18374
32366
8852
85054
53610
21057
8441
35257
54497
23183
45428
17072
95578
99518
56623
46515
52180
91963
75700
55585
89649
13477
61467
27727
58518
81937
95154
83632
69809
11739
26911
86162
23695
66506
31413
86472
6802
7050
24812
77011
8802
61868
38104
77243
46729
1332
88103
90954
46718
75274
73093
41029
28487
61034
44913
29315
87083
70020
55946
61937
51641
4055
3600
2721
46868
24554
40192
40270
20216
71068
42012
85239
77853
90530
19169
46812
61725
10939
92652
92683
8239
3472
72496
76759
92729
28031
41784
47780
69624
33343
39594
77958
47747
83484
83275
81121
28352
18145
49510
59649
58489
11312
82545
22130
14860
30192
75927
4734
30644
35741
87340
91477
97374
57379
27117
14552
24537
80273
49346
47077
79526
21442
64389
46885
11615
69909
29047
54303
86210
34787
16864
1632
85921
77868
779
94610
85011
85717
88425
47601
67845
30964
90383
33426
32116
12229
1763
34991
57586
7522
31614
9845
50584
93045
16386
12948
50166
20932
18885
48842
76651
94304
11675
50118
92848
48543
18581
90163
52804
4526
26355
2769
37255
61529
77531
78286
78233
95003
76905
80028
87746
71996
47846
91253
5101
2297
77173
49050
18476
75116
23603
83837
36377
47916
18359
89071
78928
9055
46793
27229
70810
33745
21153
52592
16426
77990
83707
41014
60532
95320
15986
83731
30047
59601
39694
34288
59898
34718
14550
86539
37689
42799
46888
51727
17327
37599
44207
87178
64392
8808
68055
39835
4000
72146
75613
93610
16997
54123
73622
27638
74219
3047
98021
95394
34777
56609
96650
45474
52488
74569
59022
49888
11089
28424
53360
34063
106
54632
41854
73597
95010
17408
19240
44545
9741
10644
23508
76545
42924
22340
35954
79379
63439
41362
74275
10176
21336
42710
53681
81955
77907
34997
70621
38443
19180
76861
44242
87525
8957
91883
27556
37023
98396
51115
41021
99385
7435
42356
60518
29203
19909
57844
34092
25469
85791
11348
51841
65117
14688
72703
28542
66533
91976
30214
8361
23517
90610
15282
33737
6083
89469
74382
36827
46318
96388
41554
23462
91194
67807
37537
64239
65765
4318
92022
72872
3142
24118
96355
91989
99409
50479
30114
76334
27169
61537
6501
75501
2323
27163
56822
64926
44110
9724
59719
18399
97617
78775
34160
56978
4813
13106
27500
71889
26621
52754
9611
68680
27539
98012
62181
85878
28979
63534
250
45658
73709
18375
42328
1750
41494
63637
39147
94435
42863
92681
77680
72431
55897
33394
67596
27948
93166
61513
85175
50264
9591
5011
5683
70691
23579
66778
61263
5079
46716
74801
18153
30021
20295
65822
92762
87871
93138
81275
10743
90967
30072
4308
71318
45618
55723
83801
85735
97899
33016
81146
33420
58625
94015
18188
90485
51957
33565
5337
18913
1148
91255
3645
83513
68633
52141
52072
16032
88644
18921
17487
2956
49828
9787
8517
6106
10509
765
8824
6183
12122
21439
70457
82164
67727
45303
73366
28328
11735
48639
81199
87086
34664
30965
86050
81053
81030
12186
79851
85800
72672
33581
35356
83797
39222
658
82443
60304
94391
9403
59726
5052
79619
41062
71463
34525
93757
71719
70317
74464
97320
66778
94810
4382
17965
91604
54627
87055
60394
21865
50502
28221
79565
69551
21592
56405
60981
39244
61069
1302
19257
46959
7279
97519
37182
70066
36809
55959
36194
68428
44699
4667
46302
3164
31915
6513
31568
28882
48018
42104
71804
80853
60602
56271
42091
8929
33139
156
28112
48529
56099
53982
91444
94281
76078
44725
99992
86179
63023
43886
23663
66868
44106
92274
45633
38978
57200
66268
49204
88481
75749
29244
58966
18492
87300
65713
49598
33003
1407
12871
77797
2560
58729
20364
21532
53842
4547
39188
72969
47946
40788
60141
35215
91022
65545
64730
96896
28640
29564
34814
81361
62437
7588
60730
31775
93766
80329
80843
80134
19047
47650
60222
2768
49812
96782
10428
57508
63922
62408
8202
47377
92243
48822
90222
88938
17115
79861
82338
66658
39604
769
34485
16490
11732
3897
44751
1025
56954
22887
50978
47040
90648
82747
99818
3921
26738
27178
8791
50780
77509
50550
34293
19024
3806
69905
82503
18903
98912
78276
42270
95625
18720
40891
51343
92071
97849
99350
43040
90754
48370
41142
31854
88298
34871
51666
11681
99892
77842
88402
88185
90009
26660
90647
24135
51748
6359
1341
34333
75028
57795
10432
46897
64223
83706
58353
69377
21005
96135
86518
8686
15001
38343
52560
58065
11234
27437
60144
20758
72053
24872
1619
63719
42519
74334
39061
39124
71304
94720
67465
27334
65913
46281
44510
36448
71987
36807
14579
32819
67069
21422
12746
92444
11081
62588
98575
3650
40355
4962
17538
4029
28570
67607
60593
7823
92662
63667
84693
70940
25878
54812
9950
48097
25281
31445
22901
80013
1147
8152
81717
56342
27645
59821
25633
72610
40326
77377
34530
59227
32256
52829
50090
24321
62850
64353
33762
84587
74919
69308
72215
83327
40143
19066
97415
17929
54338
80439
32147
41942
29551
11924
31641
25094
81211
1692
63368
17096
41200
14323
72903
60941
39235
53402
92448
22732
7427
60618
2501
73284
8284
14367
51926
14811
25161
81711
41865
39652
75768
36896
26982
78833
6664
86386
34957
38531
30109
48405
60515
28571
56819
61417
35268
9778
67927
90785
87371
64892
54339
1961
83798
39100
83071
48471
12665
58159
40171
23665
42826
946
17600
24704
31629
1163
49300
27058
77844
90857
35622
45439
35938
72319
95715
34395
37331
60904
36303
73867
35112
86462
34591
61661
11741
15361
57691
59029
96317
80473
99095
95244
90951
47260
57050
93266
73872
43712
38348
26701
90822
9757
40184
24552
33978
10979
61798
18561
33563
12681
84064
56276
83914
86943
34695
38718
48726
4968
25596
83586
91588
68659
38104
22690
94601
7348
90336
3030
30304
90911
85631
93453
43050
91146
410
22418
21914
41324
31327
50004
61932
92976
13
33040
84431
25003
67446
89435
34834
2545
9466
90456
99738
79835
48648
4039
11465
40343
19957
73020
22467
59657
83467
68176
9234
72800
52474
86411
20664
35743
94705
19817
6430
44414
87737
93219
72787
56770
51867
17229
64669
89336
1163
28859
68843
26876
33666
46026
4726
87733
22310
74989
46930
65235
27723
15159
63343
38716
51565
63624
56170
55064
1975
7665
12964
54579
36799
31265
26095
70136
46980
91421
99067
35402
89899
20234
53908
59839
87105
94298
13660
19579
62402
13474
84054
96167
86869
14996
86680
22324
14299
49553
1951
47083
63333
86782
31191
9587
76179
63931
91591
82423
28949
34976
36999
49396
35679
2772
54352
45844
5525
27314
76636
57548
67783
82538
54708
59434
8655
96792
96148
58085
83008
74667
79063
46828
76478
15471
57547
4669
64918
53726
2520
46551
53330
8624
3324
80056
19992
39368
8414
42613
84722
28823
77265
93300
11443
7767
52066
11266
78729
94336
82193
81525
39537
14785
67981
35705
16194
2774
71530
46895
55444
94939
76867
11503
65269
42984
82840
24813
48976
93057
75684
59004
6647
90000
83016
60872
57699
86630
87670
61437
45054
38227
86796
4587
1496
18078
22229
56005
39758
84067
35717
13612
84125
27072
38855
43024
18218
58038
45483
9972
48783
34951
93093
89259
99715
43541
75147
70322
86763
23267
94208
8237
89214
76564
9662
82960
77391
90661
12343
20113
79782
79424
24448
9837
5650
79406
7319
40510
32637
80942
29012
78185
86023
74915
20063
94478
70910
38396
61635
29204
17544
73006
36198
15772
29993
81450
18834
6461
17751
81090
98604
64971
23689
49869
40025
37902
47299
15978
21038
10629
47545
67935
70874
68524
19895
65915
51148
25016
28133
52664
71979
23014
84914
40974
53730
89259
44199
2211
21358
4022
3094
37240
31786
48022
43196
72851
5299
15836
46541
73599
26599
29731
59585
18095
55943
77343
58903
91574
99824
69715
34324
71581
52399
29900
37097
4572
1603
5384
94222
967
53947
78638
4538
10041
28812
86918
20556
52131
32726
31761
65769
34625
73621
84087
2204
24945
4644
37101
39237
66760
49223
86287
42689
65721
37844
1570
54530
44161
13169
49064
73816
7247
81804
46005
67437
75820
78615
14094
12083
59105
35870
63621
36897
46296
88939
33904
60789
85676
41811
86297
23437
13148
98239
84459
50817
28763
15124
89011
142
75528
62234
96243
79538
3568
24619
17797
40069
72624
72411
54603
25380
61626
97578
41414
5651
54589
51790
39982
97404
48659
76469
76441
61599
24062
60925
89249
89271
53148
36066
92600
46701
32306
10452
38378
41348
62797
2169
7655
46726
57912
57972
6522
57134
18967
89055
50996
99578
85190
25595
79522
97628
39720
93718
70433
76026
6059
60021
39708
30899
30444
95884
98982
10041
24064
17072
13418
14159
5737
43832
29778
25033
25441
92068
68362
77588
45280
59339
19115
43403
16917
35878
56781
77286
68294
93953
50448
79658
26706
2694
9299
9480
99447
57907
52960
69487
43074
93996
38622
62518
43514
3740
32274
6632
18773
72932
38706
50690
52716
97222
28321
86174
24698
4970
697
95542
12223
42931
7005
70530
64066
67180
80260
47586
29549
4373
5454
29978
72444
43406
80406
87680
16562
84657
54736
87003
80051
44557
29152
7119
86339
17902
10520
31099
11560
65651
32515
39078
17411
4183
22484
40519
62018
23520
3262
18767
64080
45652
60862
74010
60812
18853
99205
92873
57565
71969
95091
61905
9582
7978
90803
51647
72468
69679
19787
85745
29484
73145
65821
51167
943
25133
56092
38552
54115
30365
74990
80554
39518
80429
69279
31805
3641
77644
21354
92342
41954
61056
78471
75683
95046
99496
65938
25473
65856
61672
52236
64760
20832
53059
68428
67401
53313
21783
72501
10494
14360
98592
36583
62440
54969
41510
26140
95337
4850
82328
32905
24840
7521
86830
93306
87272
55928
3152
58115
56561
62558
80668
28752
33924
81625
38798
47854
16228
18968
7507
25596
63313
28017
88097
95565
73461
99156
1135
77546
77582
40717
89891
22842
71298
65769
66547
42407
49981
93830
30548
56130
75783
83328
7203
94605
18349
50488
56892
63922
91827
5154
30034
99884
67317
39514
4594
1371
25799
54986
67935
17745
2157
38194
36089
83969
19776
45402
83114
44098
96274
15604
96965
11204
61818
47197
58264
69729
11793
31737
42232
81137
33030
24695
62688
74032
82644
71817
10980
66315
89436
50183
60112
73467
88477
65355
73953
96681
56101
93241
47603
67868
85789
53999
56695
14630
33197
3334
45267
98877
61253
89256
1290
79080
16612
95020
73495
98048
41483
99690
14454
71764
47840
77335
75197
10877
87014
31014
42608
83688
35828
51881
57088
17440
44041
71496
6851
66254
33161
54473
41123
29555
89393
10061
32815
87614
76949
53558
6441
92725
52480
27489
86775
57442
6782
29559
66120
48326
32361
13860
41377
96404
20826
17800
9185
17409
68810
62148
50175
83952
97398
16195
74868
17685
27385
22562
34810
82043
98057
44399
79391
68675
80712
65388
81780
99084
67084
77404
30302
91041
53401
29251
90204
91635
21756
37209
30133
82107
1701
50493
87982
94485
9482
51714
95446
49233
40345
65008
33753
48899
30948
52481
4623
95070
60000
27274
5838
40531
66463
60689
11484
96407
88667
81597
29941
97030
42191
87873
57716
1508
26073
58975
6224
27273
7253
81309
46887
23577
64136
43300
38622
55545
10815
55419
36778
66662
3597
62457
20453
5699
66777
93461
38057
63549
91523
35569
5535
21739
12006
45917
40748
39861
7191
7182
938
58367
61032
26808
64898
98482
25718
96775
38514
69891
85803
28759
28825
62526
2992
34705
4370
25637
99589
45547
29119
59216
70983
70592
5364
10738
15385
37832
31147
29751
11492
92932
13191
83623
19952
70283
24714
85996
44012
84251
29764
32943
5681
38858
80690
93705
75739
89460
26719
27736
81319
83957
13635
60161
91683
87885
77083
78241
40123
84087
60077
33104
920
38724
847
48958
7639
41286
97982
19216
47355
97599
88867
43400
12824
37996
54747
78234
90157
29738
48099
80072
86848
17695
19374
40019
32321
82862
47587
17277
17177
30767
94342
4568
73670
27944
87534
38491
22500
83395
52556
53879
56642
29491
65656
16148
84028
80642
81541
18050
49382
80367
91404
72827
51722
34803
91664
67499
77238
55752
64361
5810
60575
37922
1553
98243
6675
87205
92931
64730
67994
36682
92712
80162
29785
31947
66586
24543
99193
64768
25083
49462
22884
98664
45306
98137
51128
56230
93667
46601
23662
80479
59554
47648
35572
29597
86975
80550
55072
43747
40854
33344
46193
71883
51133
41315
52213
26419
11122
9106
87354
90206
11537
53978
43510
71449
27409
63631
64424
40598
60158
45831
59859
34800
70711
1425
70530
77886
29150
371
36217
36902
67248
72750
17373
70506
19387
9016
90004
50043
3579
6005
96131
76123
182
25865
26281
46978
83432
28792
91813
48271
40219
53491
45097
95564
35827
6721
8874
49536
18014
6250
48906
6338
8532
97242
18563
22083
14765
19974
97383
8979
25673
84192
21162
83799
20464
88628
11338
66883
8262
80779
17369
86976
28224
33617
45735
10448
39039
29688
8471
53976
5202
35567
31983
69456
23870
34631
80831
27554
94128
9773
10849
7211
91086
87294
7804
57161
47144
95887
86660
2171
81670
38449
52604
7803
89723
31884
27407
50436
804
92724
83266
30367
42542
33029
90740
31468
89043
7999
34184
94095
20840
23490
75634
55551
84660
46670
36609
9049
17593
41281
81348
33557
22961
66901
47883
74776
51353
911
90037
56293
10123
33454
22980
74659
61960
83711
2696
40391
4948
50078
6033
57657
43557
73072
70250
27229
76755
1539
37497
29977
45215
86623
8301
36614
39909
87791
7002
37601
24434
28251
85141
45872
53218
45913
71186
42172
53438
13061
74254
6332
40919
79704
17440
36920
86449
57269
36449
27054
43053
66891
55535
94198
37297
40225
5737
63032
86262
70057
127
1062
98759
56898
95011
48591
75334
25023
14957
41067
77032
57618
31349
42985
76374
74111
47111
89203
44092
15480
20287
23971
48300
8226
86140
43004
67639
91385
76204
82881
24938
84089
73326
78228
23150
48053
99820
81009
85547
26127
38189
1648
95271
90694
6588
4255
42268
76165
78640
24537
75594
65152
28341
58964
83629
6076
20074
78737
28464
29379
76590
69028
62150
37501
31431
52913
23222
11906
50787
3577
51120
18343
31653
78148
64762
73366
82996
60022
36751
20594
96624
24991
56170
23320
63163
81805
89867
54945
23312
62026
47587
45754
8105
57114
79469
51501
21651
43608
27814
13885
20266
42025
14358
47931
92901
23154
21405
4937
31729
1348
49525
50033
32550
67447
76408
16275
74318
40729
66906
63334
18692
91932
99239
50529
27253
13805
14856
52319
1036
64321
96674
44420
71202
82021
81658
68568
30911
75203
82412
85052
84034
42396
8648
42645
59084
10315
97798
60966
76950
81927
85798
46903
77630
17054
61082
75310
99045
43995
89086
43789
37363
69585
19308
29664
95744
57298
13608
34644
19200
69722
9595
32191
30420
5205
65677
65866
80383
88836
80307
72055
81414
36153
96397
49008
93903
49193
11776
34979
56799
69506
55358
43099
30377
6254
31014
97781
5678
49316
52306
71974
65731
82284
44287
19768
63398
11766
27322
84076
35972
8194
50767
8913
47500
18805
33957
79206
32848
22727
87293
1582
47197
68039
68661
35461
89065
82365
13430
4308
12406
97487
457
9119
78238
73012
2914
53117
54495
45468
70551
62274
9170
52437
35429
85547
22889
56010
74524
20622
81496
86138
37446
81136
14647
43278
2833
97932
59172
26388
7180
80364
6166
36656
48658
6000
54747
91394
26517
38183
26752
739
80879
11333
13481
60643
95626
95109
23288
82843
48936
64736
64494
37569
37266
88324
49711
35749
80555
65877
3309
88305
19993
58763
32741
4746
54468
52546
42835
48959
9006
82206
4729
80991
39992
63400
343
28415
29680
56220
98313
47649
55599
51197
63978
92147
39594
97230
65677
98482
56799
6020
84692
77983
78332
81023
66007
76620
79918
53551
77952
45924
69898
28947
37627
41901
39125
60710
39782
942
77173
75722
76854
65421
53156
38203
86989
13638
19121
2762
19573
89033
62340
33644
9352
18596
47819
64325
58396
77919
24580
55252
82846
20384
89232
52096
11460
41112
54171
36146
7762
69452
48454
85150
80917
92044
97016
56852
22083
63379
88635
47731
58699
13419
67125
13635
63660
43364
27043
58801
42811
99629
18596
81686
59234
99645
15913
84567
88858
40357
24495
48951
69323
7797
88787
23975
32995
88991
52864
88754
92119
40329
68124
84654
41856
76876
21823
26415
21393
84252
54591
92758
51449
33850
61471
5092
27116
54878
98210
31748
63359
18808
51965
24390
89551
40343
61796
2573
38332
26706
96589
48402
14801
8394
89180
90998
68047
57661
40111
76531
17960
16406
23705
30119
58026
91999
82697
8903
37452
46607
63082
49551
58577
26352
13986
70588
49511
12665
16568
38989
74002
17272
41543
54331
97702
30411
61354
13976
53533
75685
70759
33168
72116
81463
86743
73242
85956
14463
74899
11759
77189
40978
84301
35662
20756
99754
20428
2378
5670
74529
48685
70249
95063
21834
43361
36849
58926
79497
42331
51083
92613
17295
72502
30388
43754
17475
74561
29508
24767
20585
20798
897
67519
47566
39681
24776
11610
2686
55030
34857
27438
53204
77236
23878
61831
47263
92118
90460
29702
50806
2893
10482
82353
59946
64593
97509
62724
71452
7318
87602
1437
96796
49591
52582
49098
73945
37858
7724
98008
11692
99591
60201
44949
13974
56849
34733
19781
44760
35828
8242
44335
32381
69487
93984
7733
18437
56347
52429
44303
13012
47326
88571
60842
57805
7056
72433
91715
74679
69646
28596
23959
26930
51846
84894
3460
99075
57534
80235
37338
77592
70776
87788
95632
97901
73579
68647
29664
1900
31999
65983
31986
41369
56372
37137
36855
7810
82034
83256
21060
33376
50875
91838
41849
7931
54264
53448
54142
56251
93086
79932
68403
62465
85815
23652
60283
24181
29348
15285
49113
66789
46641
59530
50154
21850
33031
21754
13436
62031
99818
48127
56339
47454
16207
76721
4357
92273
16356
92927
37822
79392
39648
82466
48770
19665
89086
24789
11691
41573
83716
88714
64979
58899
67263
69788
98170
77565
61640
39515
17086
57716
56448
89463
70438
75890
70779
96297
78608
72673
38315
84332
67430
54258
71214
53554
68485
46606
59612
40113
54301
23247
56050
5470
18202
56284
37984
33304
1019
87425
66088
13821
53923
15467
70387
65339
90010
58335
29877
15146
99326
74332
26356
56839
69947
4230
58576
91229
36054
3424
54877
59656
28298
83549
67504
42411
54297
78887
88751
70846
98530
1185
3186
54483
94685
6497
11953
65258
27433
86074
68718
69245
55747
62091
85149
37184
74129
37916
97220
25993
24763
36664
7568
7043
36091
29209
73652
52433
52346
14996
32296
57943
2728
63376
79107
35233
68927
27790
74912
51999
18156
18309
54049
75181
89103
8665
79306
86529
75479
2481
49058
81118
40199
53447
85718
84957
12174
72365
92266
41061
45710
70266
25562
43079
63184
82581
72871
83465
32227
63068
37719
87968
60
57757
7364
43411
64072
73973
84338
71072
75336
74506
94084
54712
8807
97818
57422
74093
62349
23888
27941
2794
63115
85158
3316
59186
66755
69413
18455
19065
88291
37597
1086
27885
73828
40808
53880
55876
34074
48614
26173
62996
79007
82856
72951
67366
86617
6535
58884
66728
24977
5212
5376
14285
40652
560
24208
23329
52712
71302
55785
64985
6474
74478
5378
3452
501
85193
48972
38388
14023
46170
47315
8985
51798
61751
36351
89190
78808
78883
91465
69760
3793
25224
14517
47827
91709
89444
33236
19855
62381
28335
59914
70571
61671
29754
5961
78104
59045
29485
65312
88860
24418
37647
62901
93276
245
69383
45835
31196
58046
8051
5506
11671
76503
11761
38492
93635
78133
28919
92951
80265
24878
55073
18455
5138
71407
66077
67230
52933
16656
89537
12840
85378
69054
53318
11359
31055
42995
95419
67677
75834
86305
58698
65116
47114
81804
10528
7719
23731
769
37948
76054
13342
40062
90908
47865
20637
90360
7180
33224
73952
6469
75889
72333
47787
2010
79007
82361
90350
3728
54382
59828
41105
99031
25450
81440
25328
39284
27142
1528
40130
85492
58421
61683
66223
58789
84669
74784
28751
81006
53561
53543
55968
88042
55646
85896
61648
72351
34639
31628
96567
41291
46768
85480
6571
68455
76358
98136
91942
44008
68387
6938
24679
72184
69575
6657
77405
38144
51333
3591
31052
72573
32446
89042
3996
79900
33231
78538
45363
20025
54472
20158
43875
44899
42409
81972
31357
23273
85890
65762
20943
98249
10545
62502
87743
42501
42054
81345
23330
32234
20485
40640
34924
13890
4359
49198
99446
7255
62123
62108
65777
84910
76772
33706
99923
31057
46841
80879
23225
91350
17852
25145
17435
93676
73942
18845
6233
31691
43800
47882
47233
80243
33134
20318
78476
51183
72452
6191
98389
31801
21224
99349
17167
98243
58429
33915
17796
94172
52632
8067
77553
52974
12962
68000
71875
25572
7843
12420
48361
92680
21175
47481
14176
86575
43763
2923
38967
57247
77506
94243
24529
49612
6279
27711
17458
33231
96284
86644
79733
78824
23517
75248
46768
40825
6763
64409
73197
76833
1573
65692
34628
36063
59776
37871
84945
7908
49471
25668
56405
4479
31817
25827
48560
35686
3131
93792
65215
87588
18912
85116
74672
2170
93407
86913
83713
88367
93960
88562
84172
89797
46494
30932
36423
82049
94510
56016
65451
58025
44908
73518
82826
8720
24066
30657
4817
73776
4397
66134
38552
30511
74239
54002
42750
38180
73009
64685
97490
96583
72021
46038
77681
76082
45095
36307
68360
19829
83292
27385
44173
54799
13708
52558
97901
58358
45246
67692
18120
91597
60248
57321
33035
66276
21629
25143
33279
51314
69343
3133
92067
68591
61490
29488
11354
6340
42501
18399
49942
48789
7970
70883
46602
62091
33218
11129
53997
5807
1391
25745
40282
16706
97817
40378
63154
47304
61294
24910
59404
8687
28989
31040
36726
16214
22041
50337
32116
27394
44368
25805
93534
49807
46173
71663
57789
23448
77820
87672
73542
75861
69022
19798
28125
87146
49052
98007
93072
81299
33162
71638
73782
47244
80710
7246
3335
36354
78219
50009
13866
15876
87826
83808
48019
55634
69839
45285
33150
16465
6425
84209
3024
47851
39834
72827
92283
71053
9029
54522
21634
68251
41599
47276
73100
62525
93542
24883
70569
52803
30852
68916
69652
89270
63216
87223
84654
13816
30216
72959
87191
90981
85026
73083
51612
94
76328
82138
99762
54291
5406
98554
50877
13591
47567
95073
25360
470
7012
16632
19086
16693
29977
12741
52867
49054
85023
18560
85768
60693
20849
9236
79389
34972
3008
79615
79136
24699
52809
76451
90874
52456
70940
20973
90450
84849
98875
45414
20169
43114
86927
97419
15792
48132
69568
14347
36552
48970
635
33716
17112
7321
73936
41513
48194
13412
20955
84031
16925
2763
90890
91466
34502
5994
88763
82511
48661
22007
29192
95105
452
85742
30692
79804
4837
97534
9950
99045
7492
46873
67317
12003
96245
21351
73347
75725
89176
68949
5501
56838
63019
94145
14277
96548
70389
645
66415
64221
26944
21551
49517
68168
37286
46270
12322
52367
34637
94958
1343
80305
72533
97228
86258
63612
7599
67885
68210
27699
13576
34193
83130
25409
66101
72187
52138
88094
52084
4541
93179
97776
53564
60696
62897
83229
75675
47211
78160
29649
18817
58492
72769
63797
29954
813
49545
7924
70235
61859
60669
57761
13510
74018
22532
34787
92037
51917
86639
22750
99351
70724
30121
57100
58552
76546
89993
71722
97325
71811
7870
17644
23393
8541
31188
90556
61983
89979
92843
48334
44871
91248
38694
88401
94648
3231
68485
88101
95230
23817
3910
46987
94785
8799
70969
3019
43185
97092
26113
33644
57712
99699
17356
53784
47514
9990
12347
27340
45377
99936
10986
59482
71283
75547
79497
60527
38859
18849
28005
97943
76055
1189
9396
6929
99766
68389
3813
58867
41972
64957
78589
30246
14353
83141
47932
16744
46094
87891
393
59578
41748
49650
95961
50780
89313
97349
81112
15401
76281
11086
17643
79118
84920
21068
48919
98408
96859
71554
46282
42276
93352
85975
98112
68045
76813
74065
72072
20419
22288
14888
6160
6758
83016
70076
57955
85683
22647
99755
44272
30617
88772
10825
2166
12975
16285
97662
558
17183
7645
72958
34339
57559
84113
1936
41192
26405
25653
39649
24327
66345
50774
98393
66817
33563
38250
6345
53077
39794
89008
24397
13451
71956
72944
88783
9349
76445
94323
95488
58053
86277
3792
511
11188
52076
97218
99325
32410
50141
95803
57588
45762
37765
85831
65258
37890
13674
38644
27789
46533
40532
35004
89896
86653
63794
3252
84586
473
69605
14946
13399
50083
34638
82714
50816
17927
9094
21808
66573
87699
84817
17978
96112
54750
60253
14015
66645
69821
75562
78332
13992
40704
29032
60377
85052
39399
5323
24375
43536
91351
24206
16516
9755
44230
52457
49039
30737
4597
78936
62389
17788
89264
6507
28832
80973
62265
67271
21163
40660
16567
30479
61499
29217
6958
12178
85083
46452
78061
8629
98182
79582
24485
85305
48695
34621
72413
94570
65310
15995
84812
11446
88283
19340
63730
84289
79175
47529
46086
54180
45119
55895
98773
72607
422
28794
83155
51816
73212
7184
33388
25834
6713
63400
13940
62671
40416
79589
25933
42690
30410
24963
55086
30442
73670
18673
74536
65831
81744
75570
61762
40735
15983
94245
35417
55985
12202
30498
26852
94106
95957
45430
58120
66732
57091
75242
75089
94735
89583
26857
53205
79009
46557
11833
97030
99202
33735
31137
77153
53511
1036
81189
26334
29132
33266
99255
61043
5146
97239
81915
78606
15574
77551
21692
8205
7435
74821
65023
9013
91822
73291
29028
27149
84790
22425
48893
16336
2597
7228
5268
62772
42411
85340
15325
90065
55016
13134
83373
59660
64650
61163
57164
52605
71264
50988
89304
91313
19639
5485
34632
43170
44086
90049
81350
40183
61909
94994
52636
86469
63566
60026
39604
96373
78794
84645
9856
89841
65498
35983
593
70548
99899
76815
98839
30005
87456
79581
75201
19466
44768
62505
52599
98440
99960
71211
89554
68336
70544
29030
40461
17254
57987
82422
24588
62099
19450
94628
7778
77665
77063
76137
73509
71610
4606
67946
25988
81244
75872
68463
91696
48345
40080
43194
1653
44130
39841
59747
72674
24322
93097
51940
43137
91563
28559
16499
92314
33749
40961
63546
33731
80681
69665
48054
4857
8246
96160
41137
64630
82165
77884
77830
87546
40108
7811
14387
14842
98559
48400
56287
88764
33530
84627
87227
50081
86396
57131
11042
4631
60816
9574
3818
59444
9431
4391
333
90633
66335
6262
69715
92682
7106
88334
64623
98105
37129
34561
41110
40192
25396
34342
55768
10819
98024
59355
65226
72871
1167
7971
94879
97966
58318
89221
7772
78529
36817
2368
95315
40167
54406
2213
22207
60943
52972
32658
11193
2549
30732
86018
84446
64086
48715
36981
34072
69928
59045
79263
97615
62332
71476
49126
70089
63969
56507
13038
96336
55334
53047
70260
46596
62319
53934
346
91119
23417
45219
11314
76263
14789
78718
49121
88674
69606
72571
15320
49073
44057
59068
39794
27648
31735
16330
2707
50851
26122
27976
46079
6496
70888
24951
51705
26469
99970
65531
74833
29046
11000
89170
87577
82157
17937
68029
98018
50383
75522
83015
9263
51199
32406
62313
60933
8125
54259
33057
82271
91497
88716
73618
78817
77642
3524
45361
31717
89348
7077
59780
60437
48451
85995
21940
16033
62398
78461
74384
14748
64625
36688
40686
24463
10668
8931
15040
7204
54818
7483
93871
53441
99597
91733
15456
85077
87376
76077
48545
76529
55045
66676
3526
93364
18397
62520
1156
77311
17316
26727
64347
32632
63113
45685
2435
85186
15762
61167
74951
50024
6592
6004
15399
45281
69968
66893
29554
31493
42716
85519
17779
60959
32399
74294
38429
1799
6829
41931
84438
62191
6063
15013
15933
59666
61008
18299
28184
32966
60032
72139
48398
84679
81747
51560
51038
75714
20980
73976
92416
48219
26839
28489
6739
90568
4639
51031
32926
23510
1683
81826
20581
67997
31551
16006
68688
55865
43595
11087
3889
69684
71066
84514
30084
28115
26302
50824
61901
16670
25188
19644
97197
26923
47635
16425
66276
67072
25512
93339
93316
12888
45845
14399
17831
33617
79425
41089
79286
63308
70151
2127
14597
90905
210
10529
54064
46680
33090
15098
16108
56097
96955
25259
77060
96029
20328
79457
72862
41280
37981
53025
99309
46543
73030
89486
37764
31463
55356
58140
53142
57081
43244
77643
32189
9172
79547
41020
733
69232
56982
71240
60618
46119
49220
53405
31560
42197
37414
79209
38182
4548
92826
2508
21755
2957
93113
20363
75955
5883
17206
81828
83643
90971
30509
70863
64078
12690
31969
21793
14435
78427
67874
79435
19690
43892
30567
17556
52049
75135
5750
41211
73356
36649
36530
30369
71058
12582
53531
35385
96512
85763
40864
43428
46540
19036
90777
72762
55480
44825
26581
92043
1284
44337
13552
13919
30312
90704
85502
25043
53542
40488
71869
47473
7934
18613
15397
21656
10428
158
73470
99511
28918
27943
29463
37655
88613
31765
99522
77458
76933
58285
81641
55415
71843
84002
68788
79726
46639
55168
6920
87040
11454
28370
84874
25659
53515
28213
66495
56358
57601
94399
75213
10140
70729
90996
5501
3216
50279
77731
99271
56824
8500
19670
42303
4518
39011
96883
70073
68806
4842
88801
27284
75886
5227
34752
89721
45379
24186
29992
73262
27503
17718
8212
9550
5025
36088
40149
32102
83860
87304
86030
79430
31701
57165
42100
25959
19173
7248
51538
97068
72908
22422
15316
14222
64296
58449
4334
13210
7063
80217
46263
74397
47496
29660
38126
75024
9639
35277
14513
70401
91144
15648
82157
58402
54021
26956
31418
24225
49599
40366
84696
29818
52610
81177
60764
4062
18793
5599
69364
97921
2578
89463
69967
92139
35964
6483
65816
18139
12731
3328
63413
52490
52388
41347
18846
24085
87339
54165
46366
68393
67725
47989
8325
57231
38057
68913
29427
13238
95563
16460
30029
56815
33833
10578